list( C2001=c( 6,5,2,11,17,2,4,3,6,11,5,4,3,1,5,12,2,2,5,9,93,0,11,16,131,2,5,1,4,6,15,47,8,14,7,3,14,4,3,71,5,3,13,3,1,9,1,3,16,12,3,0,15,4,14,6,1,3,8,1,2,4,5,4,8,40,2,6,6,25,5,1,2,17,9,2,6,5,8,14,9,7,2,3,2,8,5,6,1,1,0,18,0,4,10,6,1,5,4,4,7,1,3,6,1,3,0,4,3,7,2,4,3,0,59,8,13,0,8,13,3,2,2,2,3,4,2,2,43,2,2,2,1,2,10,0,3,2,13,8,0,0,3,2,5,30,25,5,13,8,7,10,1,10,3,1,4,2,2 ), C2002=c( 4,13,3,14,16,1,2,4,7,8,5,5,1,3,8,9,0,0,3,5,97,1,19,17,136,5,8,1,2,11,18,50,12,11,5,0,12,9,6,56,1,2,9,0,2,2,1,9,18,7,4,0,12,3,12,2,0,6,14,2,4,6,3,3,8,34,2,3,13,20,1,0,5,13,12,2,5,8,12,10,4,9,4,1,6,9,12,7,0,8,1,12,0,5,1,3,2,8,4,4,3,6,2,2,2,6,1,3,6,6,0,6,3,0,42,12,20,3,6,21,2,3,3,6,2,5,0,2,40,3,1,5,4,3,3,2,2,2,8,8,1,0,4,2,3,26,25,9,21,4,3,9,3,4,0,4,6,5,0 ), C2003=c( 9,15,6,28,19,2,3,3,9,9,2,8,0,1,3,10,1,2,4,4,102,1,15,14,101,3,5,0,1,12,13,64,13,6,1,3,15,6,9,73,6,1,16,1,3,8,1,8,17,9,2,0,12,6,19,0,2,6,17,1,4,6,6,3,6,31,1,3,4,19,1,2,3,13,9,1,4,8,4,6,9,7,4,2,4,7,6,2,1,5,1,12,1,5,8,5,1,6,6,0,4,5,5,3,0,3,1,9,2,5,2,5,1,3,46,9,10,5,6,21,3,1,4,1,5,6,2,6,37,2,5,2,2,2,2,2,3,1,4,3,1,2,3,0,3,29,36,9,16,2,5,13,2,0,4,3,4,9,1 ), C2004=c( 6,11,2,9,19,1,1,1,4,4,9,11,0,2,2,5,1,5,2,4,84,0,14,17,119,5,4,1,3,8,10,54,8,13,3,1,15,6,2,59,4,2,12,3,0,7,0,6,22,15,1,0,19,4,6,4,2,2,14,2,3,8,7,1,2,26,3,1,8,22,0,1,1,21,14,0,4,8,5,12,5,4,4,2,3,6,7,8,1,7,0,10,1,4,10,6,0,3,5,2,6,10,1,6,1,3,3,3,3,6,2,3,4,3,63,8,19,3,9,21,4,2,1,5,5,4,1,1,34,6,3,9,3,2,6,2,4,2,7,8,3,2,5,1,6,26,27,9,12,4,8,12,1,5,4,5,4,4,2 ), C2005=c( 2,15,3,22,26,1,3,3,2,10,2,7,3,1,4,11,1,1,2,1,82,1,18,12,108,5,6,2,5,12,13,58,10,14,2,1,14,6,4,71,4,1,14,5,1,9,1,8,10,10,3,2,10,8,5,4,2,5,11,1,3,4,5,0,5,31,1,7,9,17,3,2,0,19,11,1,4,9,7,15,7,8,1,1,4,8,9,8,0,3,3,18,1,2,3,4,0,6,9,3,7,3,1,0,1,1,0,8,8,4,3,4,2,1,44,9,13,0,4,30,2,4,4,2,2,9,1,2,35,5,3,4,1,1,5,1,1,4,4,6,1,0,4,0,4,30,27,7,15,4,6,16,2,5,6,1,3,4,3 ), C2006=c( 6,16,3,22,19,1,3,5,3,4,5,9,2,1,2,5,1,0,5,3,93,0,11,14,121,4,2,1,1,13,9,59,14,10,6,1,21,6,4,71,10,0,15,0,2,4,2,6,19,8,3,0,13,2,17,4,0,2,19,1,5,2,5,3,3,39,1,3,7,24,4,3,1,20,11,0,4,8,10,9,7,14,1,5,3,7,9,6,1,2,3,10,2,7,4,7,2,0,5,0,6,6,3,3,0,2,0,5,6,3,1,4,0,0,46,4,19,3,7,16,1,1,6,2,3,1,0,4,40,3,0,4,2,2,5,2,0,1,5,6,2,1,3,1,4,45,32,5,18,5,2,21,2,8,3,1,5,3,2 ), C2007=c( 1,15,5,25,15,3,5,4,6,9,5,6,2,1,5,12,0,2,5,7,87,0,11,17,101,2,4,1,0,11,7,72,16,15,4,3,15,12,10,66,7,1,8,0,0,5,1,11,18,5,2,1,13,5,10,5,1,3,16,0,4,4,5,2,1,44,0,7,12,22,1,1,0,21,12,1,3,6,7,12,6,4,2,2,2,5,7,6,1,2,0,14,1,5,9,5,2,3,3,5,4,2,3,8,0,1,0,7,4,2,2,3,1,0,43,9,15,1,13,32,6,2,5,6,4,8,1,2,39,2,2,4,2,3,2,3,3,1,4,1,2,0,1,0,1,47,27,5,11,5,8,13,4,6,6,4,5,3,3 ), C2008=c( 5,20,6,15,23,2,8,2,3,13,1,9,2,1,4,9,0,2,6,6,95,0,13,12,103,3,10,2,2,16,16,79,13,12,0,2,10,5,2,73,8,2,14,2,1,6,1,12,17,5,1,1,19,2,15,3,3,6,19,1,4,7,3,1,7,38,1,3,9,19,0,0,1,21,15,1,4,6,2,12,9,4,5,4,3,5,11,4,1,2,2,11,0,5,6,2,2,3,4,3,3,6,6,9,0,2,0,8,2,3,2,6,1,0,49,2,17,3,4,22,3,5,3,6,2,8,0,2,37,1,3,3,3,3,5,1,2,1,9,5,1,1,1,1,2,33,32,5,10,3,1,16,3,10,3,1,4,3,2 ), C2009=c( 7,15,2,23,11,2,11,3,4,13,6,4,6,2,4,9,1,3,4,3,85,0,12,15,120,2,4,4,1,7,10,71,9,11,4,3,15,7,5,68,11,1,12,1,2,5,2,6,19,9,4,1,9,1,13,7,1,6,12,3,6,9,7,0,4,28,2,7,10,13,1,2,3,17,22,3,5,3,6,18,4,7,6,2,5,9,7,6,0,5,1,8,3,8,11,5,2,6,3,1,6,7,3,4,2,1,2,8,5,5,1,3,5,0,43,5,12,2,13,30,5,2,7,5,2,3,2,5,34,9,0,6,1,1,4,1,1,0,8,5,0,0,3,1,3,22,26,3,13,2,4,12,1,8,2,3,4,4,1 ), C2010=c( 9,20,5,18,24,3,6,0,4,6,4,8,5,2,1,8,1,1,1,5,110,0,15,18,117,4,0,2,1,10,11,84,12,16,2,2,18,5,2,79,7,3,12,1,1,4,3,18,18,13,1,0,25,6,17,8,1,7,12,3,3,5,3,2,3,28,0,0,15,22,0,1,2,17,20,0,5,7,8,9,8,6,3,3,1,13,7,5,1,3,1,14,3,6,5,4,2,2,4,2,8,7,4,4,0,0,2,4,8,3,4,3,2,1,42,2,16,4,3,24,3,4,4,2,6,5,2,2,33,2,3,5,0,2,4,1,5,4,6,5,2,0,3,0,3,33,34,4,17,4,4,21,3,5,6,5,5,10,0 ), E2001=c( 4.307453,14.24337,2.452659,14.60718,24.22045,1.172983,3.617632,2.703372,4.172565,9.100632,3.881481,6.266376,2.625995,1.887314,2.612379,8.752998,1.710133,2.001857,2.486301,4.464769,107.4781,0.6045941,15.07256,17.38024,131.398,2.544774,3.786323,1.161929,2.555347,11.51436,13.83037,99.3279,14.80278,10.70503,4.186822,1.482009,12.81342,6.185636,3.898303,99.80545,3.539135,1.623305,16.64316,1.404632,1.069334,3.473613,1.789913,6.947386,18.17179,7.228697,1.583095,0.3253658,9.586998,2.855081,9.949851,3.233793,0.5382714,3.895259,10.98298,1.341673,3.608341,6.03681,3.068147,1.247316,2.412129,31.95073,0.8583506,5.358203,6.836367,23.41288,1.862964,1.690268,1.947229,14.59933,10.22828,1.072858,3.384061,4.451632,4.100154,9.440095,6.1089,5.675239,1.70741,1.523821,3.52744,7.716986,7.330263,4.113131,1.104578,2.796288,1.224087,14.82441,0.4142767,2.355418,9.834347,3.82429,0.4176409,1.733683,4.171603,1.928806,3.932425,3.269999,2.272595,7.123926,0.6416003,1.668962,2.527953,7.171185,2.407002,2.77386,2.417896,3.823489,1.512607,1.105539,37.51079,6.764117,15.37021,1.712696,5.913616,20.98618,1.594469,2.062893,2.63753,3.996185,3.548746,3.415941,1.362499,2.066898,29.85724,2.216204,1.521738,2.532919,1.01823,1.420652,3.291145,1.004613,1.955559,1.374034,3.316617,3.692446,1.020793,0.6183713,1.40271,0.3795134,3.39143,24.59836,39.30134,6.143663,14.99903,3.553873,3.125979,15.33433,1.605523,4.202362,2.742781,1.826438,3.854888,3.563164,1.638364 ), E2002=c( 4.300848,14.8928,2.434544,14.58348,24.99148,1.165456,3.563461,2.759454,4.175483,9.034019,3.924753,6.418986,2.625584,1.851658,2.555972,8.823449,1.718261,1.977023,2.466042,4.392825,105.4878,0.5907603,15.07329,18.23734,128.393,2.517543,3.722373,1.168921,2.558334,11.52195,13.86594,101.109,14.78917,11.19814,4.173751,1.450521,13.0887,6.159436,3.977986,99.3816,3.585668,1.590848,16.48538,1.486114,1.062928,3.387855,1.765036,7.077784,18.33404,7.187085,1.6014,0.3212879,9.484923,2.889859,9.897086,3.306273,0.5219354,3.92302,10.93135,1.319013,3.579211,6.011077,3.05003,1.220107,2.398005,31.28935,0.8542479,5.254318,6.702161,23.66018,1.894181,1.715741,1.944579,14.81815,10.41083,1.036941,3.509126,4.350616,4.035786,9.40224,6.018951,5.544264,1.684399,1.498399,3.444868,7.939119,7.392615,4.045708,1.083717,2.756461,1.220264,15.09077,0.4123195,2.359891,9.844168,3.732295,0.4011374,1.67054,4.099729,1.92253,3.988853,3.313833,2.243503,7.134325,0.6178493,1.65416,2.841666,7.119205,2.438796,2.705433,2.449978,3.839233,1.539032,1.081984,37.24893,6.704523,15.0295,1.714323,5.893586,22.16682,1.539505,2.061283,2.565421,3.955464,3.629924,3.329582,1.34374,2.071362,29.1583,2.275002,1.501234,2.519118,0.9874879,1.380593,3.245953,1.001505,1.897331,1.345472,3.298241,3.667407,0.9978825,0.6173768,1.391775,0.3762534,3.307376,24.24291,39.20878,6.109353,15.30701,3.509598,3.113816,15.52608,1.548009,4.201312,2.691731,1.834491,3.834666,3.508338,1.594785 ), E2003=c( 4.316578,15.5465,2.431135,14.49276,25.65544,1.16529,3.515857,2.851792,4.161175,9.190004,3.962544,6.533434,2.636583,1.829355,2.486913,8.926609,1.748013,1.950982,2.463672,4.306507,103.5216,0.5955824,15.12724,19.01061,125.8978,2.488307,3.674514,1.200461,2.540522,11.59867,13.86356,102.7846,14.59626,11.71488,4.235081,1.399557,13.28301,6.080705,4.060775,98.32967,3.640893,1.588581,16.46792,1.465096,1.037466,3.349144,1.730505,7.162793,18.499,7.170075,1.603765,0.2979462,9.418848,2.946615,9.835167,3.337369,0.5117609,3.987799,10.90625,1.294819,3.503927,6.04228,3.020365,1.192869,2.330271,30.51632,0.8478218,5.14054,6.655525,23.79247,1.923868,1.680925,2.151627,15.09036,10.56074,1.018874,3.591157,4.283731,3.940388,9.330688,5.920963,5.457233,1.663417,1.457504,3.389118,8.095985,7.459499,4.025449,1.072792,2.747364,1.237956,15.30185,0.4096566,2.341116,9.358732,3.655612,0.3839369,1.648697,4.029788,1.937967,4.068058,3.319396,2.214687,6.905285,0.6389651,1.620808,2.36885,7.039307,2.453601,2.648669,2.465222,3.884146,1.539621,1.074187,36.77427,6.59324,14.72145,1.707419,5.895553,23.38451,1.514831,2.050452,2.551832,3.913739,3.743617,3.277718,1.364231,2.071369,28.01871,2.305635,1.509873,2.522084,0.96511,1.369189,3.187389,0.9739415,1.85585,1.319764,3.283605,3.625864,0.9615464,0.6160343,1.375696,0.3854862,3.270745,23.81354,39.14219,6.070943,15.55301,3.438698,3.126653,15.80896,1.512817,4.218503,2.636893,1.840356,3.810705,3.483785,1.55558 ),