list( num = c(7, 6, 2, 5, 7, 7, 5, 7, 7, 7, 
5, 4, 7, 6, 4, 2, 3, 7, 1, 5, 
5, 3, 4, 5, 10, 5, 3, 5, 6, 5, 
4, 7, 5, 6, 7, 3, 7, 4, 5, 5, 
7, 5, 5, 6, 7, 11, 3, 6, 8, 8, 
5, 5, 4, 4, 6, 6, 4, 7, 4, 4, 
7, 4, 6, 6, 4, 4, 5, 8, 4, 9, 
6, 4, 6, 6, 6, 6, 5, 7, 3, 8, 
6, 7, 6, 6, 7, 6, 8, 2, 6, 6, 
5, 3, 4, 6, 6, 7, 3, 6, 7, 6, 
4, 5, 7, 3, 6, 6, 4, 5, 6, 5, 
6, 5, 5, 4, 3, 6, 6, 5, 6, 6, 
5, 7, 5, 5, 5, 6, 5, 7, 3, 4, 
4, 5, 6, 7, 5, 6, 5, 4, 4, 3, 
4, 4, 7, 5, 6, 6, 5, 8, 7, 6, 
6, 4, 7, 3, 8, 4, 5, 8, 7
),
adj = c(
158, 156, 132, 111, 90, 72, 59, 
154, 152, 74, 40, 38, 37, 
131, 119, 
88, 87, 55, 38, 37, 
87, 40, 39, 37, 25, 24, 8, 
144, 143, 142, 107, 68, 67, 45, 
155, 138, 66, 65, 46, 
125, 102, 70, 39, 24, 11, 5, 
140, 139, 135, 128, 109, 48, 43, 
138, 118, 113, 112, 65, 46, 12, 
102, 87, 62, 39, 8, 
115, 112, 65, 10, 
148, 121, 91, 81, 33, 28, 26, 
159, 151, 106, 51, 50, 49, 
116, 69, 33, 26, 
55, 31, 
111, 104, 82, 
157, 146, 143, 103, 78, 49, 41, 
55, 
141, 105, 96, 36, 27, 
147, 120, 32, 30, 25, 
114, 33, 28, 
149, 147, 80, 25, 
70, 32, 25, 8, 5, 
152, 149, 147, 74, 40, 32, 24, 23, 21, 5, 
116, 81, 33, 15, 13, 
96, 69, 20, 
114, 91, 33, 22, 13, 
94, 75, 71, 63, 35, 34, 
120, 75, 34, 32, 21, 
87, 62, 55, 16, 
86, 75, 70, 30, 25, 24, 21, 
28, 26, 22, 15, 13, 
120, 75, 71, 56, 30, 29, 
128, 94, 86, 75, 48, 43, 29, 
141, 137, 20, 
87, 40, 39, 38, 5, 4, 2, 
154, 37, 4, 2, 
87, 37, 11, 8, 5, 
152, 37, 25, 5, 2, 
146, 123, 78, 71, 58, 56, 18, 
148, 132, 122, 90, 82, 
128, 86, 48, 35, 9, 
159, 155, 145, 89, 50, 46, 
143, 129, 107, 101, 78, 61, 6, 
158, 155, 138, 127, 113, 99, 89, 50, 44, 10, 7, 
149, 74, 53, 
109, 86, 70, 43, 35, 9, 
157, 146, 106, 103, 100, 51, 18, 14, 
159, 151, 106, 89, 76, 46, 44, 14, 
151, 134, 100, 49, 14, 
153, 133, 128, 94, 83, 
149, 101, 61, 47, 
131, 125, 102, 77, 
88, 87, 31, 19, 16, 4, 
123, 120, 80, 71, 41, 34, 
137, 136, 97, 64, 
159, 146, 108, 106, 71, 63, 41, 
156, 111, 104, 1, 
135, 126, 92, 83, 
149, 130, 101, 80, 78, 53, 45, 
102, 87, 31, 11, 
153, 108, 94, 71, 58, 29, 
144, 136, 98, 97, 67, 57, 
138, 12, 10, 7, 
155, 126, 92, 7, 
144, 107, 97, 64, 6, 
150, 144, 142, 124, 103, 100, 98, 6, 
116, 96, 27, 15, 
125, 119, 109, 86, 77, 48, 32, 24, 8, 
63, 58, 56, 41, 34, 29, 
158, 156, 95, 1, 
151, 148, 134, 122, 110, 76, 
154, 152, 149, 47, 25, 2, 
86, 35, 34, 32, 30, 29, 
151, 127, 122, 89, 73, 50, 
131, 125, 119, 70, 54, 
143, 130, 123, 61, 45, 41, 18, 
139, 119, 109, 
149, 147, 130, 123, 120, 61, 56, 23, 
121, 116, 85, 84, 26, 13, 
148, 132, 114, 111, 91, 42, 17, 
135, 133, 128, 126, 60, 52, 
150, 134, 121, 110, 85, 81, 
150, 124, 117, 116, 96, 84, 81, 
75, 70, 48, 43, 35, 32, 
62, 55, 39, 37, 31, 11, 5, 4, 
55, 4, 
127, 99, 76, 50, 46, 44, 
158, 132, 122, 99, 42, 1, 
148, 114, 82, 28, 13, 
126, 66, 60, 
155, 153, 145, 133, 
153, 128, 63, 52, 35, 29, 
158, 156, 118, 115, 112, 72, 
117, 116, 105, 85, 69, 27, 20, 
67, 64, 57, 
144, 136, 124, 117, 68, 64, 
158, 127, 122, 113, 90, 89, 46, 
150, 134, 103, 68, 51, 49, 
129, 61, 53, 45, 
125, 62, 54, 11, 8, 
157, 143, 142, 100, 68, 49, 18, 
111, 59, 17, 
141, 137, 136, 117, 96, 20, 
159, 146, 58, 50, 49, 14, 
129, 67, 45, 6, 
159, 153, 145, 63, 58, 
139, 119, 79, 70, 48, 9, 
148, 134, 121, 84, 73, 
132, 104, 82, 59, 17, 1, 
118, 115, 95, 12, 10, 
158, 118, 99, 46, 10, 
91, 82, 28, 22, 
112, 95, 12, 
96, 85, 81, 69, 26, 15, 
136, 124, 105, 98, 96, 85, 
158, 113, 112, 95, 10, 
131, 109, 79, 77, 70, 3, 
147, 80, 56, 34, 30, 21, 
148, 110, 84, 81, 13, 
148, 127, 99, 90, 76, 73, 42, 
130, 80, 78, 56, 41, 
150, 117, 98, 85, 68, 
102, 77, 70, 54, 8, 
155, 133, 92, 83, 66, 60, 
122, 99, 89, 76, 46, 
135, 94, 83, 52, 43, 35, 9, 
107, 101, 45, 
123, 80, 78, 61, 
119, 77, 54, 3, 
111, 90, 82, 42, 1, 
155, 153, 126, 93, 83, 52, 
151, 150, 110, 100, 84, 73, 51, 
140, 128, 83, 60, 9, 
137, 117, 105, 98, 64, 57, 
141, 136, 105, 57, 36, 
65, 46, 10, 7, 
140, 109, 79, 9, 
139, 135, 9, 
137, 105, 36, 20, 
143, 103, 68, 6, 
157, 142, 103, 78, 45, 18, 6, 
98, 68, 67, 64, 6, 
159, 155, 153, 108, 93, 44, 
157, 106, 58, 49, 41, 18, 
120, 80, 25, 23, 21, 
122, 121, 110, 91, 82, 73, 42, 13, 
80, 74, 61, 53, 47, 25, 23, 
134, 124, 100, 85, 84, 68, 
134, 76, 73, 51, 50, 14, 
74, 40, 25, 2, 
145, 133, 108, 94, 93, 63, 52, 
74, 38, 2, 
145, 133, 126, 93, 66, 46, 44, 7, 
95, 72, 59, 1, 
146, 143, 103, 49, 18, 
118, 113, 99, 95, 90, 72, 46, 1, 
145, 108, 106, 58, 50, 44, 14
),
sumNumNeigh = 864)